name: csf
channels:
  - conda-forge
  - defaults
dependencies:
  - bzip2=1.0.8=h8ffe710_4
  - ca-certificates=2023.5.7=h56e8100_0
  - libffi=3.4.2=h8ffe710_5
  - libsqlite=3.42.0=hcfcfb64_0
  - libzlib=1.2.13=hcfcfb64_4
  - openssl=3.1.1=hcfcfb64_1
  - pip=23.1.2=pyhd8ed1ab_0
  - python=3.10.11=h4de0772_0_cpython
  - setuptools=67.7.2=pyhd8ed1ab_0
  - tk=8.6.12=h8ffe710_0
  - tzdata=2023c=h71feb2d_0
  - ucrt=10.0.22621.0=h57928b3_0
  - vc=14.3=hb25d44b_16
  - vc14_runtime=14.34.31931=h5081d32_16
  - vs2015_runtime=14.34.31931=hed1258a_16
  - wheel=0.40.0=pyhd8ed1ab_0
  - xz=5.2.6=h8d14728_0
  - pip:
      - python-dotenv==1.0.0
prefix: C:\ProgramData\Miniconda3\envs\csf
